0.000295088,0.000289156,0.000282325,0.000275778,0.000267538,0.000258617,0.000250117,0.000240193,0.000230321,0.000220853,0.000210965,0.000201821,0.000194762,0.000188708,0.000183789,0.000177851,0.000173555,0.000169116,0.000165167,0.000160191,0.000156997,0.000153359,0.000147954,0.000144126,0.000140706,0.00013825,0.000134338,0.000130866,0.00012839,0.000124823,0.000122195,0.000120005,0.000116146,0.000114823,0.000113514,0.000112197,0.000108818,0.000106698,0.000105248,0.000100015,9.42E-05,9.16E-05,8.73E-05,8.65E-05,8.38E-05,8.07E-05,7.84E-05,7.65E-05,7.56E-05,7.43E-05,7.42E-05,7.11E-05,7.15E-05,7.03E-05,6.76E-05,6.62E-05,6.31E-05,6.12E-05,5.89E-05,5.65E-05,5.52E-05,5.20E-05,5.10E-05,4.68E-05,4.53E-05,4.57E-05,4.27E-05,4.49E-05,3.94E-05,3.77E-05,3.25E-05,3.20E-05,3.13E-05,3.01E-05,2.80E-05,2.54E-05,2.50E-05,2.33E-05,2.19E-05,2.18E-05,2.22E-05,2.20E-05,2.23E-05,2.32E-05,2.46E-05,2.50E-05,2.57E-05,2.28E-05,2.21E-05,2.11E-05,1.72E-05,1.78E-05,2.33E-05,2.30E-05,1.83E-05,1.45E-05,1.15E-05,9.17E-06,9.68E-06,6.55E-06,6.10E-06,5.80E-06,3.83E-06,3.28E-06,3.46E-06,3.30E-06,2.80E-06,2.51E-06,2.28E-06,2.08E-06,2.10E-06,2.64E-06,2.21E-06,1.77E-06,2.76E-06,1.17E-06,-8.43E-08,4.29E-06,2.58E-06,1.95E-06,2.11E-06,1.60E-06,1.98E-06,1.73E-06,1.64E-06,5.34E-07,6.92E-07,5.75E-07,8.26E-07,7.43E-07,2.13E-07,-1.46E-07,4.45E-07,-1.39E-06,-1.50E-07,-6.48E-07,-2.13E-07,-7.82E-08,-8.54E-07,-6.01E-07,-1.58E-06,-9.37E-07,-9.28E-07,-8.66E-07,-1.53E-06,-1.25E-06,-5.69E-07,-1.19E-06,-1.24E-06,-1.33E-06,-5.83E-07,-1.40E-06,1.47E-09,-6.11E-07,-1.24E-06,1.62E-06,2.72E-06,1.03E-06,-9.23E-08,2.40E-07,4.70E-07,6.07E-07,-3.92E-07,-9.93E-07,3.23E-07,-1.08E-06,1.97E-07,6.24E-08,-1.26E-07,-7.65E-07,-1.18E-06,-1.35E-06,-8.21E-07,-1.23E-06,4.16E-07,-1.29E-06,-1.26E-06,-5.97E-07,-1.50E-06,-1.04E-06,8.34E-07,-3.83E-07,-8.91E-07,1.04E-08,-1.50E-06,-1.33E-06,-8.99E-07,-1.39E-06,-2.39E-06,-2.60E-07,-4.63E-07,-1.87E-06,-4.15E-07,-8.46E-07,2.16E-07,-1.51E-07,-2.05E-07,8.22E-07,1.13E-06,9.38E-07,1.31E-06,5.42E-06,3.93E-06,8.10E-06,8.80E-06,6.48E-06,6.45E-06
0.000289156,0.00028432,0.000278419,0.000272832,0.000265467,0.000257266,0.000249705,0.000240616,0.000231517,0.000222827,0.000213334,0.000204164,0.000196462,0.000189797,0.000184436,0.000178244,0.00017377,0.000169263,0.000165386,0.000160444,0.000157383,0.00015364,0.000148098,0.000144328,0.000140905,0.000138515,0.000134559,0.000131062,0.000128743,0.000125228,0.000122591,0.000120406,0.000116511,0.000114886,0.000113227,0.000111772,0.000108499,0.0001068,0.000105682,0.000100419,9.42E-05,9.13E-05,8.70E-05,8.61E-05,8.33E-05,8.02E-05,7.80E-05,7.61E-05,7.52E-05,7.40E-05,7.42E-05,7.12E-05,7.13E-05,6.98E-05,6.70E-05,6.55E-05,6.23E-05,6.04E-05,5.81E-05,5.57E-05,5.44E-05,5.16E-05,5.09E-05,4.69E-05,4.54E-05,4.57E-05,4.33E-05,4.47E-05,4.04E-05,3.80E-05,3.29E-05,3.20E-05,3.12E-05,2.95E-05,2.73E-05,2.45E-05,2.42E-05,2.25E-05,2.11E-05,2.09E-05,2.13E-05,2.12E-05,2.14E-05,2.23E-05,2.37E-05,2.42E-05,2.48E-05,2.22E-05,2.18E-05,2.11E-05,1.74E-05,1.90E-05,2.52E-05,2.33E-05,1.73E-05,1.62E-05,1.21E-05,9.41E-06,9.68E-06,6.52E-06,6.18E-06,5.79E-06,3.84E-06,3.20E-06,3.37E-06,3.06E-06,2.45E-06,2.16E-06,1.87E-06,1.67E-06,1.71E-06,2.25E-06,1.76E-06,1.46E-06,2.44E-06,1.06E-06,-1.23E-07,3.99E-06,2.40E-06,1.67E-06,1.88E-06,1.33E-06,1.66E-06,1.39E-06,1.30E-06,1.94E-07,3.81E-07,2.43E-07,4.28E-07,3.69E-07,-2.15E-07,-5.16E-07,7.06E-08,-1.69E-06,-4.76E-07,-1.01E-06,-6.10E-07,-4.44E-07,-1.26E-06,-9.57E-07,-1.95E-06,-1.29E-06,-1.25E-06,-1.25E-06,-1.86E-06,-1.60E-06,-1.02E-06,-1.59E-06,-1.52E-06,-1.62E-06,-8.86E-07,-1.72E-06,-4.73E-07,-8.88E-07,-1.52E-06,1.49E-06,2.66E-06,7.45E-07,8.51E-08,2.56E-07,4.27E-07,5.88E-07,-2.93E-07,-9.11E-07,3.70E-07,-9.24E-07,3.18E-07,1.64E-07,-2.64E-08,-6.63E-07,-1.07E-06,-1.02E-06,-6.60E-07,-9.66E-07,5.11E-07,-1.18E-06,-9.90E-07,-4.47E-07,-1.38E-06,-8.54E-07,1.01E-06,-1.39E-07,-6.94E-07,2.75E-07,-1.14E-06,-1.00E-06,-6.12E-07,-1.07E-06,-2.10E-06,-1.32E-07,-2.40E-07,-1.45E-06,-1.54E-07,-5.59E-07,4.38E-07,3.53E-08,1.80E-07,1.06E-06,1.05E-06,1.17E-06,1.26E-06,5.08E-06,3.72E-06,9.26E-06,7.86E-06,6.09E-06,6.94E-06
0.000282325,0.000278419,0.00027366,0.000268984,0.000262539,0.000255166,0.000248593,0.000240472,0.000232203,0.000224368,0.000215536,0.000206533,0.000198358,0.000191224,0.000185433,0.000179106,0.000174513,0.000170002,0.000166173,0.000161357,0.000158386,0.00015452,0.000148929,0.000145243,0.00014189,0.000139509,0.000135537,0.000132016,0.000129818,0.000126318,0.000123749,0.000121552,0.000117596,0.000115696,0.000113561,0.000111774,0.000108573,0.000107121,0.00010618,0.00010108,9.49E-05,9.20E-05,8.76E-05,8.68E-05,8.39E-05,8.08E-05,7.86E-05,7.66E-05,7.56E-05,7.43E-05,7.44E-05,7.14E-05,7.14E-05,6.99E-05,6.72E-05,6.56E-05,6.24E-05,6.04E-05,5.81E-05,5.57E-05,5.43E-05,5.15E-05,5.07E-05,4.69E-05,4.52E-05,4.55E-05,4.31E-05,4.58E-05,4.15E-05,3.78E-05,3.27E-05,3.18E-05,3.08E-05,2.90E-05,2.71E-05,2.42E-05,2.40E-05,2.22E-05,2.09E-05,2.07E-05,2.11E-05,2.10E-05,2.12E-05,2.21E-05,2.35E-05,2.39E-05,2.45E-05,2.19E-05,2.15E-05,2.07E-05,1.71E-05,1.84E-05,2.30E-05,2.36E-05,1.81E-05,1.70E-05,1.22E-05,9.32E-06,9.57E-06,6.43E-06,6.15E-06,5.85E-06,3.95E-06,3.29E-06,3.48E-06,3.22E-06,2.64E-06,2.48E-06,2.20E-06,1.98E-06,2.07E-06,2.62E-06,2.10E-06,1.85E-06,2.74E-06,1.34E-06,1.44E-07,3.37E-06,2.21E-06,1.63E-06,1.91E-06,1.49E-06,1.83E-06,1.62E-06,1.54E-06,4.72E-07,7.48E-07,5.55E-07,7.27E-07,6.94E-07,3.27E-08,-1.53E-07,3.80E-07,-1.23E-06,-3.42E-08,-5.99E-07,-2.54E-07,-9.44E-08,-9.20E-07,-5.36E-07,-1.56E-06,-9.14E-07,-8.57E-07,-8.77E-07,-1.49E-06,-1.24E-06,-8.55E-07,-1.32E-06,-1.22E-06,-1.35E-06,-7.62E-07,-1.58E-06,-5.18E-07,-9.56E-07,-1.72E-06,1.12E-06,2.14E-06,1.40E-07,-4.57E-08,-4.37E-08,1.06E-07,2.73E-07,-4.91E-07,-1.16E-06,8.06E-08,-1.11E-06,9.12E-08,-3.95E-08,-3.47E-07,-9.45E-07,-1.34E-06,-1.16E-06,-8.84E-07,-1.18E-06,1.50E-07,-1.38E-06,-1.14E-06,-6.48E-07,-1.67E-06,-1.03E-06,7.99E-07,-2.22E-07,-8.32E-07,1.90E-07,-1.19E-06,-1.08E-06,-7.46E-07,-1.30E-06,-2.14E-06,-4.20E-07,-5.81E-07,-1.66E-06,-4.52E-07,-8.80E-07,-1.31E-07,-6.37E-07,-2.67E-07,3.83E-07,1.26E-07,2.27E-07,1.26E-07,3.41E-06,2.46E-06,7.23E-06,6.71E-06,4.21E-06,5.52E-06
0.000275778,0.000272832,0.000268984,0.000265401,0.000259704,0.000253186,0.000247518,0.000240313,0.000232814,0.000225747,0.000217472,0.00020852,0.000199769,0.000192097,0.000186009,0.000179542,0.000174908,0.000170409,0.000166703,0.000161995,0.000159037,0.000155174,0.000149606,0.000146011,0.000142714,0.000140391,0.000136405,0.000132897,0.000130783,0.00012738,0.000124839,0.000122659,0.000118672,0.000116465,0.000113947,0.000111961,0.000108874,0.000107712,0.000106856,0.000101757,9.55E-05,9.25E-05,8.81E-05,8.72E-05,8.42E-05,8.12E-05,7.88E-05,7.69E-05,7.59E-05,7.46E-05,7.46E-05,7.16E-05,7.15E-05,6.99E-05,6.72E-05,6.55E-05,6.23E-05,6.03E-05,5.80E-05,5.55E-05,5.40E-05,5.14E-05,5.05E-05,4.69E-05,4.51E-05,4.53E-05,4.30E-05,4.62E-05,4.09E-05,3.75E-05,3.27E-05,3.17E-05,3.06E-05,2.87E-05,2.67E-05,2.38E-05,2.36E-05,2.19E-05,2.05E-05,2.04E-05,2.08E-05,2.07E-05,2.09E-05,2.17E-05,2.31E-05,2.36E-05,2.41E-05,2.17E-05,2.14E-05,2.07E-05,1.72E-05,1.95E-05,2.73E-05,2.39E-05,1.80E-05,1.76E-05,1.27E-05,9.61E-06,9.71E-06,6.58E-06,6.36E-06,6.10E-06,4.19E-06,3.46E-06,3.67E-06,3.35E-06,2.78E-06,2.69E-06,2.36E-06,2.13E-06,2.21E-06,2.81E-06,2.26E-06,2.08E-06,2.89E-06,1.67E-06,4.34E-07,3.16E-06,2.20E-06,1.61E-06,1.90E-06,1.50E-06,1.84E-06,1.61E-06,1.58E-06,4.94E-07,7.95E-07,5.74E-07,6.61E-07,6.90E-07,-2.25E-08,-1.93E-07,3.69E-07,-1.15E-06,8.30E-09,-5.43E-07,-2.75E-07,-1.19E-07,-9.56E-07,-5.05E-07,-1.53E-06,-8.81E-07,-8.52E-07,-8.98E-07,-1.48E-06,-1.28E-06,-1.00E-06,-1.36E-06,-1.24E-06,-1.38E-06,-8.22E-07,-1.73E-06,-7.74E-07,-1.09E-06,-1.92E-06,9.65E-07,2.00E-06,-1.92E-07,3.85E-08,-1.27E-07,2.07E-08,1.89E-07,-4.45E-07,-1.16E-06,4.04E-08,-9.93E-07,1.59E-07,2.53E-08,-3.59E-07,-8.65E-07,-1.27E-06,-9.85E-07,-8.47E-07,-9.88E-07,1.27E-07,-1.33E-06,-9.81E-07,-4.88E-07,-1.53E-06,-9.18E-07,9.45E-07,2.34E-08,-6.12E-07,3.01E-07,-9.52E-07,-8.19E-07,-4.91E-07,-1.07E-06,-1.86E-06,-4.76E-07,-4.20E-07,-1.39E-06,-2.80E-07,-6.89E-07,-1.06E-07,-7.71E-07,-2.76E-08,5.90E-07,4.27E-07,5.28E-07,2.07E-07,2.74E-06,2.36E-06,7.93E-06,6.20E-06,3.45E-06,2.70E-06
0.000267538,0.000265467,0.000262539,0.000259704,0.000255064,0.000249202,0.00024441,0.000238144,0.000231337,0.000225127,0.00021741,0.000208684,0.000199637,0.000191681,0.000185303,0.000178761,0.000174073,0.000169633,0.000165997,0.000161428,0.00015862,0.000154707,0.000149093,0.000145621,0.000142394,0.000140116,0.000136152,0.000132637,0.000130729,0.000127344,0.000124848,0.000122707,0.000118725,0.000116306,0.00011346,0.000111267,0.000108278,0.000107395,0.000106834,0.000101877,9.55E-05,9.24E-05,8.80E-05,8.71E-05,8.40E-05,8.10E-05,7.87E-05,7.68E-05,7.57E-05,7.44E-05,7.46E-05,7.17E-05,7.14E-05,6.96E-05,6.69E-05,6.50E-05,6.18E-05,5.98E-05,5.75E-05,5.50E-05,5.35E-05,5.11E-05,5.04E-05,4.70E-05,4.52E-05,4.53E-05,4.31E-05,4.56E-05,4.22E-05,3.78E-05,3.31E-05,3.17E-05,3.06E-05,2.83E-05,2.63E-05,2.34E-05,2.32E-05,2.15E-05,2.01E-05,2.00E-05,2.04E-05,2.03E-05,2.05E-05,2.12E-05,2.26E-05,2.31E-05,2.36E-05,2.14E-05,2.13E-05,2.08E-05,1.76E-05,2.02E-05,2.84E-05,2.45E-05,2.08E-05,1.78E-05,1.36E-05,1.01E-05,9.96E-06,6.88E-06,6.73E-06,6.44E-06,4.54E-06,3.76E-06,3.90E-06,3.56E-06,2.84E-06,2.78E-06,2.43E-06,2.19E-06,2.35E-06,2.90E-06,2.32E-06,2.26E-06,3.06E-06,1.97E-06,9.00E-07,3.60E-06,2.65E-06,1.92E-06,2.21E-06,1.76E-06,2.00E-06,1.77E-06,1.67E-06,6.39E-07,1.01E-06,7.16E-07,7.85E-07,8.32E-07,9.20E-08,1.26E-08,4.80E-07,-9.34E-07,1.79E-07,-4.49E-07,-1.46E-07,9.19E-09,-7.98E-07,-3.06E-07,-1.35E-06,-7.12E-07,-6.14E-07,-7.18E-07,-1.25E-06,-1.08E-06,-8.59E-07,-1.16E-06,-9.59E-07,-1.09E-06,-5.11E-07,-1.34E-06,-5.57E-07,-7.30E-07,-1.41E-06,8.79E-07,1.77E-06,-3.23E-07,1.57E-07,-7.69E-08,-2.48E-09,1.20E-07,-3.65E-07,-1.02E-06,7.71E-08,-8.98E-07,2.04E-07,3.16E-08,-3.21E-07,-7.67E-07,-1.20E-06,-7.38E-07,-6.96E-07,-8.44E-07,2.45E-07,-1.20E-06,-7.86E-07,-4.73E-07,-1.58E-06,-8.45E-07,1.00E-06,9.33E-08,-5.19E-07,5.40E-07,-7.40E-07,-7.34E-07,-4.10E-07,-8.68E-07,-1.58E-06,-2.57E-07,-3.69E-07,-1.12E-06,-1.79E-07,-4.80E-07,4.43E-08,-4.10E-07,2.64E-07,7.74E-07,2.23E-07,8.99E-07,2.84E-07,2.60E-06,2.68E-06,7.69E-06,4.75E-06,3.65E-06,6.10E-06
0.000258617,0.000257266,0.000255166,0.000253186,0.000249202,0.000244281,0.000240211,0.000234861,0.000228795,0.000223347,0.000216308,0.000207896,0.000198783,0.000190708,0.000184182,0.000177709,0.000173102,0.000168706,0.000165247,0.000160799,0.000158074,0.000154187,0.000148674,0.000145278,0.000142122,0.000139903,0.000136004,0.000132504,0.00013071,0.000127389,0.000124945,0.000122821,0.000118839,0.000116241,0.000113149,0.000110693,0.000107699,0.000107021,0.000106512,0.000101622,9.52E-05,9.21E-05,8.76E-05,8.68E-05,8.36E-05,8.06E-05,7.83E-05,7.65E-05,7.53E-05,7.40E-05,7.41E-05,7.12E-05,7.08E-05,6.90E-05,6.63E-05,6.44E-05,6.12E-05,5.91E-05,5.68E-05,5.43E-05,5.28E-05,5.05E-05,4.98E-05,4.67E-05,4.47E-05,4.47E-05,4.28E-05,4.64E-05,4.11E-05,3.71E-05,3.27E-05,3.12E-05,3.01E-05,2.76E-05,2.56E-05,2.26E-05,2.25E-05,2.08E-05,1.94E-05,1.92E-05,1.97E-05,1.96E-05,1.98E-05,2.05E-05,2.18E-05,2.24E-05,2.29E-05,2.07E-05,2.08E-05,2.04E-05,1.73E-05,2.11E-05,2.83E-05,2.54E-05,2.04E-05,1.82E-05,1.38E-05,1.01E-05,9.81E-06,6.70E-06,6.60E-06,6.35E-06,4.44E-06,3.57E-06,3.72E-06,3.34E-06,2.58E-06,2.58E-06,2.19E-06,1.94E-06,2.06E-06,2.68E-06,2.08E-06,2.07E-06,2.83E-06,1.89E-06,9.32E-07,3.65E-06,2.68E-06,1.90E-06,2.04E-06,1.58E-06,1.82E-06,1.54E-06,1.44E-06,3.93E-07,8.00E-07,4.59E-07,4.82E-07,5.50E-07,-2.62E-07,-2.97E-07,1.66E-07,-1.19E-06,-8.89E-08,-7.23E-07,-4.48E-07,-3.22E-07,-1.12E-06,-5.65E-07,-1.60E-06,-9.45E-07,-8.98E-07,-1.00E-06,-1.49E-06,-1.34E-06,-1.23E-06,-1.39E-06,-1.14E-06,-1.28E-06,-7.87E-07,-1.60E-06,-8.82E-07,-1.01E-06,-1.62E-06,5.25E-07,1.26E-06,-8.93E-07,-7.70E-08,-4.03E-07,-3.81E-07,-2.02E-07,-5.83E-07,-1.31E-06,-1.73E-07,-1.13E-06,-3.26E-08,-2.29E-07,-5.76E-07,-1.00E-06,-1.43E-06,-9.23E-07,-8.71E-07,-9.93E-07,1.26E-08,-1.34E-06,-1.08E-06,-5.42E-07,-1.79E-06,-1.08E-06,7.52E-07,9.43E-09,-6.16E-07,3.50E-07,-8.12E-07,-8.08E-07,-5.02E-07,-1.04E-06,-1.59E-06,-5.14E-07,-5.09E-07,-1.14E-06,-1.63E-07,-4.93E-07,-1.24E-07,-5.66E-07,3.93E-07,9.15E-07,8.16E-07,1.50E-06,1.02E-06,2.30E-06,3.16E-06,5.61E-06,5.71E-06,4.13E-06,4.01E-06
0.000250117,0.000249705,0.000248593,0.000247518,0.00024441,0.000240211,0.00023717,0.000232706,0.000227504,0.000222936,0.000216614,0.000208644,0.00019933,0.000190985,0.000184236,0.00017768,0.000172975,0.000168645,0.00016527,0.000160971,0.000158391,0.000154451,0.00014887,0.000145563,0.000142467,0.000140275,0.000136355,0.000132872,0.000131216,0.000127915,0.000125486,0.00012332,0.000119343,0.000116542,0.000113082,0.000110296,0.000107266,0.000106878,0.000106692,0.000101878,9.54E-05,9.22E-05,8.77E-05,8.69E-05,8.36E-05,8.07E-05,7.84E-05,7.66E-05,7.54E-05,7.41E-05,7.43E-05,7.15E-05,7.09E-05,6.90E-05,6.63E-05,6.42E-05,6.10E-05,5.90E-05,5.67E-05,5.41E-05,5.25E-05,5.05E-05,4.98E-05,4.70E-05,4.49E-05,4.49E-05,4.36E-05,4.83E-05,4.36E-05,3.80E-05,3.32E-05,3.14E-05,3.00E-05,2.73E-05,2.54E-05,2.24E-05,2.23E-05,2.06E-05,1.93E-05,1.91E-05,1.95E-05,1.95E-05,1.96E-05,2.03E-05,2.16E-05,2.22E-05,2.26E-05,2.07E-05,2.07E-05,2.05E-05,1.76E-05,2.21E-05,3.06E-05,2.55E-05,2.14E-05,1.92E-05,1.43E-05,1.03E-05,9.83E-06,6.74E-06,6.68E-06,6.44E-06,4.61E-06,3.69E-06,3.84E-06,3.44E-06,2.72E-06,2.77E-06,2.40E-06,2.13E-06,2.30E-06,2.89E-06,2.26E-06,2.30E-06,2.99E-06,2.05E-06,1.04E-06,2.55E-06,2.04E-06,1.39E-06,1.67E-06,1.33E-06,1.55E-06,1.34E-06,1.26E-06,2.47E-07,7.14E-07,3.47E-07,3.34E-07,4.22E-07,-4.36E-07,-3.94E-07,4.82E-08,-1.15E-06,-1.10E-07,-7.64E-07,-5.51E-07,-4.19E-07,-1.23E-06,-6.15E-07,-1.68E-06,-1.04E-06,-9.39E-07,-1.10E-06,-1.57E-06,-1.44E-06,-1.48E-06,-1.59E-06,-1.32E-06,-1.47E-06,-1.08E-06,-1.91E-06,-1.36E-06,-1.44E-06,-2.23E-06,-3.71E-08,7.76E-07,-1.49E-06,-2.58E-07,-7.44E-07,-7.16E-07,-5.13E-07,-7.96E-07,-1.54E-06,-5.20E-07,-1.30E-06,-2.27E-07,-4.32E-07,-8.74E-07,-1.23E-06,-1.64E-06,-1.00E-06,-1.11E-06,-1.14E-06,-3.20E-07,-1.55E-06,-1.07E-06,-7.32E-07,-1.97E-06,-1.18E-06,6.35E-07,-5.52E-08,-6.92E-07,3.06E-07,-8.22E-07,-8.02E-07,-5.45E-07,-1.12E-06,-1.61E-06,-7.67E-07,-7.38E-07,-1.25E-06,-4.41E-07,-7.35E-07,-6.03E-07,-1.18E-06,-3.80E-08,2.92E-07,-2.73E-07,3.50E-07,-4.94E-07,6.49E-07,1.54E-06,5.60E-06,3.83E-06,1.77E-06,2.63E-06
0.000240193,0.000240616,0.000240472,0.000240313,0.000238144,0.000234861,0.000232706,0.000229348,0.000224942,0.000221308,0.000215794,0.000208259,0.000198825,0.000190278,0.000183338,0.000176822,0.000172156,0.000167903,0.000164674,0.000160544,0.000157977,0.000154087,0.00014861,0.000145435,0.00014242,0.000140257,0.000136381,0.000132916,0.000131367,0.00012812,0.000125789,0.000123646,0.000119689,0.000116655,0.000112765,0.000109588,0.000106584,0.0001063,0.000106059,0.000101456,9.52E-05,9.21E-05,8.76E-05,8.68E-05,8.35E-05,8.05E-05,7.82E-05,7.63E-05,7.50E-05,7.37E-05,7.37E-05,7.08E-05,7.01E-05,6.83E-05,6.57E-05,6.36E-05,6.04E-05,5.84E-05,5.60E-05,5.34E-05,5.18E-05,4.96E-05,4.88E-05,4.61E-05,4.39E-05,4.38E-05,4.21E-05,4.66E-05,4.19E-05,3.65E-05,3.22E-05,3.03E-05,2.91E-05,2.63E-05,2.45E-05,2.15E-05,2.15E-05,1.98E-05,1.85E-05,1.83E-05,1.88E-05,1.88E-05,1.88E-05,1.95E-05,2.07E-05,2.13E-05,2.16E-05,1.98E-05,1.98E-05,1.95E-05,1.67E-05,2.25E-05,3.10E-05,2.59E-05,2.19E-05,1.75E-05,1.39E-05,9.79E-06,9.24E-06,6.25E-06,6.22E-06,6.07E-06,4.27E-06,3.31E-06,3.46E-06,3.11E-06,2.36E-06,2.52E-06,2.14E-06,1.86E-06,2.04E-06,2.64E-06,2.00E-06,2.11E-06,2.71E-06,1.84E-06,9.04E-07,2.45E-06,2.05E-06,1.38E-06,1.61E-06,1.29E-06,1.45E-06,1.26E-06,1.17E-06,1.76E-07,7.11E-07,2.79E-07,2.39E-07,3.41E-07,-5.62E-07,-4.38E-07,-5.83E-08,-1.14E-06,-1.27E-07,-8.12E-07,-6.09E-07,-4.94E-07,-1.29E-06,-6.06E-07,-1.66E-06,-1.03E-06,-9.11E-07,-1.09E-06,-1.52E-06,-1.43E-06,-1.59E-06,-1.56E-06,-1.27E-06,-1.41E-06,-1.06E-06,-1.85E-06,-1.46E-06,-1.50E-06,-2.19E-06,-4.12E-07,1.75E-07,-2.05E-06,-4.73E-07,-1.06E-06,-1.09E-06,-8.81E-07,-9.89E-07,-1.77E-06,-8.27E-07,-1.52E-06,-5.00E-07,-6.95E-07,-1.18E-06,-1.46E-06,-1.89E-06,-1.15E-06,-1.30E-06,-1.31E-06,-5.71E-07,-1.75E-06,-1.29E-06,-9.45E-07,-2.26E-06,-1.43E-06,3.87E-07,-2.21E-07,-8.50E-07,1.42E-07,-9.21E-07,-9.53E-07,-7.13E-07,-1.29E-06,-1.66E-06,-1.02E-06,-9.91E-07,-1.39E-06,-6.14E-07,-8.83E-07,-9.69E-07,-1.45E-06,-1.62E-07,1.55E-07,-3.87E-07,4.41E-07,-6.22E-07,-7.75E-08,1.41E-06,3.75E-06,3.62E-06,1.29E-06,2.38E-06
0.000230321,0.000231517,0.000232203,0.000232814,0.000231337,0.000228795,0.000227504,0.000224942,0.000221485,0.000218724,0.00021409,0.000207419,0.000198302,0.000189826,0.000182771,0.000176288,0.000171554,0.000167326,0.000164198,0.000160184,0.000157732,0.000153798,0.000148303,0.000145131,0.000142124,0.000139992,0.000136084,0.000132648,0.000131149,0.000127948,0.000125596,0.0001234,0.000119476,0.00011635,0.000112135,0.000108406,0.000105154,0.000105089,0.000105193,0.000100795,9.46E-05,9.16E-05,8.72E-05,8.64E-05,8.31E-05,8.02E-05,7.79E-05,7.60E-05,7.48E-05,7.34E-05,7.35E-05,7.07E-05,6.99E-05,6.80E-05,6.55E-05,6.32E-05,6.01E-05,5.81E-05,5.58E-05,5.32E-05,5.15E-05,4.95E-05,4.87E-05,4.62E-05,4.39E-05,4.37E-05,4.27E-05,4.83E-05,4.25E-05,3.70E-05,3.24E-05,3.04E-05,2.90E-05,2.61E-05,2.43E-05,2.13E-05,2.14E-05,1.96E-05,1.83E-05,1.82E-05,1.86E-05,1.86E-05,1.87E-05,1.93E-05,2.04E-05,2.10E-05,2.13E-05,1.96E-05,1.97E-05,1.93E-05,1.67E-05,2.13E-05,3.25E-05,2.63E-05,2.07E-05,1.83E-05,1.40E-05,9.80E-06,9.16E-06,6.17E-06,6.22E-06,6.05E-06,4.30E-06,3.33E-06,3.49E-06,3.11E-06,2.36E-06,2.56E-06,2.21E-06,1.92E-06,2.11E-06,2.71E-06,2.04E-06,2.20E-06,2.75E-06,1.93E-06,9.66E-07,1.90E-06,1.77E-06,1.15E-06,1.41E-06,1.18E-06,1.34E-06,1.17E-06,1.06E-06,1.38E-07,6.90E-07,2.73E-07,2.00E-07,3.24E-07,-6.15E-07,-4.00E-07,-4.15E-08,-1.02E-06,-1.96E-08,-6.78E-07,-5.27E-07,-4.37E-07,-1.22E-06,-4.68E-07,-1.54E-06,-9.02E-07,-7.65E-07,-9.92E-07,-1.37E-06,-1.28E-06,-1.58E-06,-1.48E-06,-1.10E-06,-1.28E-06,-9.99E-07,-1.76E-06,-1.49E-06,-1.49E-06,-2.22E-06,-4.92E-07,1.20E-07,-2.32E-06,-4.23E-07,-1.14E-06,-1.19E-06,-9.51E-07,-9.67E-07,-1.80E-06,-8.79E-07,-1.54E-06,-4.82E-07,-6.69E-07,-1.18E-06,-1.47E-06,-1.92E-06,-1.02E-06,-1.30E-06,-1.24E-06,-6.63E-07,-1.76E-06,-1.22E-06,-8.82E-07,-2.20E-06,-1.44E-06,3.52E-07,-1.48E-07,-8.03E-07,1.39E-07,-8.30E-07,-8.14E-07,-6.14E-07,-1.29E-06,-1.58E-06,-1.13E-06,-1.03E-06,-1.26E-06,-7.13E-07,-8.80E-07,-1.17E-06,-1.57E-06,-1.80E-07,5.81E-08,-4.99E-07,2.96E-07,-1.14E-06,-6.76E-07,4.33E-07,3.63E-06,3.16E-06,7.33E-07,1.28E-06
0.000220853,0.000222827,0.000224368,0.000225747,0.000225127,0.000223347,0.000222936,0.000221308,0.000218724,0.000217044,0.000213439,0.000207924,0.000199374,0.000191132,0.000184073,0.000177631,0.000172911,0.000168768,0.000165752,0.000161835,0.00015944,0.00015552,0.000150015,0.000146854,0.000143856,0.000141688,0.000137764,0.000134285,0.00013281,0.000129589,0.000127186,0.000124926,0.000121021,0.000117809,0.000113141,0.000108594,0.000104903,0.000104896,0.000105264,0.000101062,9.50E-05,9.19E-05,8.77E-05,8.68E-05,8.35E-05,8.06E-05,7.84E-05,7.65E-05,7.52E-05,7.38E-05,7.40E-05,7.13E-05,7.04E-05,6.83E-05,6.57E-05,6.34E-05,6.02E-05,5.82E-05,5.59E-05,5.33E-05,5.15E-05,4.98E-05,4.92E-05,4.70E-05,4.47E-05,4.44E-05,4.49E-05,5.10E-05,4.58E-05,3.93E-05,3.39E-05,3.10E-05,2.94E-05,2.61E-05,2.43E-05,2.12E-05,2.14E-05,1.96E-05,1.83E-05,1.81E-05,1.86E-05,1.86E-05,1.87E-05,1.93E-05,2.03E-05,2.10E-05,2.13E-05,1.97E-05,2.00E-05,2.00E-05,1.81E-05,2.50E-05,3.80E-05,3.05E-05,2.36E-05,2.13E-05,1.57E-05,1.06E-05,9.51E-06,6.51E-06,6.63E-06,6.35E-06,4.62E-06,3.59E-06,3.71E-06,3.24E-06,2.45E-06,2.67E-06,2.31E-06,2.00E-06,2.21E-06,2.85E-06,2.12E-06,2.34E-06,2.88E-06,2.18E-06,1.37E-06,1.11E-06,1.39E-06,7.91E-07,1.12E-06,9.43E-07,1.05E-06,9.57E-07,8.11E-07,-5.67E-08,5.87E-07,1.20E-07,1.84E-08,1.68E-07,-7.90E-07,-5.16E-07,-1.86E-07,-1.04E-06,-8.60E-08,-7.69E-07,-6.20E-07,-5.57E-07,-1.28E-06,-4.75E-07,-1.58E-06,-9.10E-07,-7.60E-07,-1.03E-06,-1.34E-06,-1.30E-06,-1.68E-06,-1.50E-06,-1.08E-06,-1.24E-06,-9.94E-07,-1.76E-06,-1.62E-06,-1.59E-06,-2.32E-06,-1.03E-06,-4.30E-07,-2.87E-06,-6.75E-07,-1.44E-06,-1.55E-06,-1.29E-06,-1.21E-06,-2.02E-06,-1.17E-06,-1.75E-06,-6.72E-07,-9.23E-07,-1.51E-06,-1.69E-06,-2.11E-06,-1.11E-06,-1.53E-06,-1.41E-06,-8.97E-07,-1.90E-06,-1.37E-06,-1.05E-06,-2.35E-06,-1.61E-06,1.46E-07,-3.36E-07,-9.57E-07,-2.53E-08,-9.68E-07,-1.01E-06,-8.31E-07,-1.55E-06,-1.75E-06,-1.42E-06,-1.39E-06,-1.58E-06,-1.17E-06,-1.23E-06,-1.79E-06,-2.10E-06,-7.24E-07,-5.83E-07,-1.45E-06,-7.00E-07,-2.33E-06,-2.15E-06,-1.20E-06,9.63E-07,-9.07E-07,-1.10E-06,-2.33E-07
0.000210965,0.000213334,0.000215536,0.000217472,0.00021741,0.000216308,0.000216614,0.000215794,0.00021409,0.000213439,0.000211466,0.000207974,0.000200838,0.000193449,0.000186609,0.000180376,0.000175668,0.000171541,0.000168575,0.000164746,0.000162068,0.000158181,0.000152799,0.00014961,0.000146548,0.000144129,0.000140157,0.000136589,0.000134853,0.00013155,0.000129134,0.000126681,0.000122838,0.000119685,0.000114256,0.000108192,0.000103558,0.000102915,0.000102951,9.91E-05,9.38E-05,9.12E-05,8.71E-05,8.63E-05,8.30E-05,8.02E-05,7.80E-05,7.59E-05,7.46E-05,7.32E-05,7.30E-05,7.02E-05,6.94E-05,6.75E-05,6.53E-05,6.30E-05,5.99E-05,5.80E-05,5.58E-05,5.31E-05,5.12E-05,4.92E-05,4.83E-05,4.62E-05,4.39E-05,4.37E-05,4.45E-05,5.15E-05,4.42E-05,3.94E-05,3.35E-05,3.06E-05,2.91E-05,2.59E-05,2.43E-05,2.13E-05,2.15E-05,1.98E-05,1.86E-05,1.84E-05,1.89E-05,1.89E-05,1.90E-05,1.95E-05,2.04E-05,2.12E-05,2.14E-05,1.98E-05,2.00E-05,1.99E-05,1.83E-05,2.58E-05,3.94E-05,3.17E-05,2.66E-05,2.19E-05,1.61E-05,1.08E-05,9.57E-06,6.60E-06,6.75E-06,6.50E-06,4.85E-06,3.81E-06,3.96E-06,3.50E-06,2.76E-06,3.00E-06,2.72E-06,2.35E-06,2.56E-06,3.21E-06,2.48E-06,2.69E-06,3.17E-06,2.42E-06,1.61E-06,4.41E-07,1.02E-06,5.20E-07,8.43E-07,8.12E-07,8.53E-07,8.64E-07,6.53E-07,-1.56E-07,5.56E-07,4.87E-08,-9.65E-08,5.91E-08,-8.79E-07,-5.01E-07,-2.31E-07,-9.58E-07,-5.27E-08,-7.18E-07,-5.38E-07,-6.04E-07,-1.22E-06,-3.03E-07,-1.50E-06,-7.76E-07,-6.12E-07,-9.14E-07,-1.15E-06,-1.16E-06,-1.67E-06,-1.37E-06,-1.02E-06,-1.11E-06,-8.63E-07,-1.57E-06,-1.51E-06,-1.62E-06,-2.32E-06,-1.38E-06,-7.21E-07,-3.25E-06,-9.03E-07,-1.72E-06,-1.80E-06,-1.54E-06,-1.41E-06,-2.19E-06,-1.49E-06,-2.00E-06,-8.60E-07,-1.06E-06,-1.76E-06,-1.79E-06,-2.27E-06,-1.29E-06,-1.75E-06,-1.60E-06,-1.13E-06,-1.98E-06,-1.47E-06,-1.14E-06,-2.41E-06,-1.83E-06,-2.41E-08,-5.04E-07,-1.07E-06,-3.32E-07,-1.19E-06,-1.09E-06,-9.60E-07,-1.80E-06,-1.85E-06,-1.78E-06,-1.75E-06,-1.99E-06,-1.67E-06,-1.57E-06,-2.60E-06,-2.71E-06,-1.43E-06,-1.12E-06,-1.99E-06,-1.94E-06,-4.34E-06,-3.35E-06,-3.40E-06,-7.94E-07,-1.77E-06,-3.17E-06,-3.36E-06
0.000201821,0.000204164,0.000206533,0.00020852,0.000208684,0.000207896,0.000208644,0.000208259,0.000207419,0.000207924,0.000207974,0.000208251,0.000204382,0.000199018,0.00019309,0.000187258,0.00018269,0.000178641,0.000175668,0.000171804,0.000168821,0.000165021,0.000159633,0.000156165,0.000152863,0.000150092,0.000145964,0.000142181,0.000139982,0.000136392,0.000133678,0.000130848,0.000127106,0.000124383,0.000118228,0.000109759,0.000103144,0.000101191,0.000100546,9.68E-05,9.22E-05,9.02E-05,8.62E-05,8.55E-05,8.22E-05,7.94E-05,7.72E-05,7.48E-05,7.35E-05,7.21E-05,7.15E-05,6.85E-05,6.78E-05,6.63E-05,6.45E-05,6.23E-05,5.93E-05,5.75E-05,5.53E-05,5.27E-05,5.06E-05,4.81E-05,4.69E-05,4.47E-05,4.25E-05,4.23E-05,4.40E-05,5.14E-05,4.41E-05,3.95E-05,3.26E-05,2.94E-05,2.80E-05,2.52E-05,2.38E-05,2.10E-05,2.11E-05,1.95E-05,1.83E-05,1.81E-05,1.86E-05,1.87E-05,1.88E-05,1.93E-05,2.00E-05,2.08E-05,2.09E-05,1.92E-05,1.91E-05,1.88E-05,1.76E-05,2.64E-05,4.21E-05,3.22E-05,2.57E-05,2.20E-05,1.54E-05,1.01E-05,8.69E-06,5.83E-06,6.02E-06,5.72E-06,4.24E-06,3.30E-06,3.50E-06,3.02E-06,2.46E-06,2.64E-06,2.51E-06,2.12E-06,2.29E-06,2.97E-06,2.20E-06,2.32E-06,2.80E-06,1.89E-06,1.04E-06,-1.81E-07,7.21E-07,2.16E-07,6.34E-07,6.85E-07,6.29E-07,7.89E-07,4.06E-07,-2.48E-07,5.09E-07,3.64E-08,-1.13E-07,-3.28E-08,-8.77E-07,-4.65E-07,-2.33E-07,-8.36E-07,-1.59E-08,-6.50E-07,-3.87E-07,-6.01E-07,-1.04E-06,-5.47E-08,-1.38E-06,-5.83E-07,-4.25E-07,-7.91E-07,-8.42E-07,-9.50E-07,-1.51E-06,-1.10E-06,-8.19E-07,-8.06E-07,-6.21E-07,-1.22E-06,-1.15E-06,-1.37E-06,-2.11E-06,-2.00E-06,-9.75E-07,-3.56E-06,-1.37E-06,-2.17E-06,-2.19E-06,-1.87E-06,-1.84E-06,-2.57E-06,-2.04E-06,-2.56E-06,-1.15E-06,-1.51E-06,-2.29E-06,-2.19E-06,-2.69E-06,-1.73E-06,-2.33E-06,-2.06E-06,-1.63E-06,-2.35E-06,-1.96E-06,-1.61E-06,-2.65E-06,-2.43E-06,-5.91E-07,-1.18E-06,-1.59E-06,-1.08E-06,-1.91E-06,-1.72E-06,-1.59E-06,-2.54E-06,-2.58E-06,-2.41E-06,-2.43E-06,-2.81E-06,-2.74E-06,-2.22E-06,-3.74E-06,-3.32E-06,-2.60E-06,-1.93E-06,-3.00E-06,-3.31E-06,-6.21E-06,-4.32E-06,-6.25E-06,-2.17E-06,-5.95E-06,-4.53E-06,-5.27E-06
0.000194762,0.000196462,0.000198358,0.000199769,0.000199637,0.000198783,0.00019933,0.000198825,0.000198302,0.000199374,0.000200838,0.000204382,0.000204057,0.000201161,0.000196541,0.000191421,0.000187247,0.000183412,0.000180539,0.000176675,0.000173726,0.000170079,0.000164716,0.000160983,0.000157539,0.000154531,0.000150387,0.000146496,0.000144009,0.000140095,0.000137061,0.000133899,0.000130323,0.000128254,0.000122155,0.000112068,0.0001037,0.000100744,9.98E-05,9.58E-05,9.14E-05,8.94E-05,8.56E-05,8.48E-05,8.17E-05,7.89E-05,7.67E-05,7.43E-05,7.32E-05,7.18E-05,7.12E-05,6.84E-05,6.76E-05,6.61E-05,6.43E-05,6.21E-05,5.91E-05,5.73E-05,5.52E-05,5.26E-05,5.05E-05,4.81E-05,4.70E-05,4.49E-05,4.28E-05,4.26E-05,4.55E-05,5.21E-05,4.58E-05,4.11E-05,3.32E-05,2.96E-05,2.83E-05,2.54E-05,2.37E-05,2.11E-05,2.11E-05,1.94E-05,1.83E-05,1.80E-05,1.85E-05,1.86E-05,1.87E-05,1.93E-05,1.99E-05,2.07E-05,2.09E-05,1.92E-05,1.91E-05,1.89E-05,1.81E-05,2.73E-05,4.20E-05,3.23E-05,2.48E-05,2.20E-05,1.53E-05,1.00E-05,8.52E-06,5.62E-06,5.79E-06,5.29E-06,3.93E-06,3.01E-06,3.18E-06,2.63E-06,2.10E-06,2.06E-06,2.02E-06,1.62E-06,1.73E-06,2.44E-06,1.69E-06,1.69E-06,2.35E-06,1.38E-06,6.48E-07,-2.96E-07,6.76E-07,1.22E-07,4.66E-07,5.25E-07,3.89E-07,5.77E-07,3.26E-08,-5.32E-07,2.21E-07,-2.19E-07,-3.34E-07,-3.55E-07,-1.13E-06,-7.25E-07,-5.06E-07,-1.11E-06,-3.65E-07,-9.90E-07,-5.91E-07,-9.58E-07,-1.24E-06,-2.24E-07,-1.64E-06,-7.78E-07,-6.68E-07,-1.04E-06,-9.43E-07,-1.10E-06,-1.61E-06,-1.16E-06,-9.46E-07,-8.18E-07,-6.93E-07,-1.16E-06,-9.46E-07,-1.33E-06,-2.10E-06,-2.60E-06,-1.28E-06,-3.69E-06,-1.97E-06,-2.64E-06,-2.55E-06,-2.21E-06,-2.33E-06,-2.99E-06,-2.59E-06,-3.22E-06,-1.56E-06,-2.07E-06,-2.89E-06,-2.67E-06,-3.19E-06,-2.34E-06,-2.95E-06,-2.71E-06,-2.14E-06,-2.81E-06,-2.71E-06,-2.16E-06,-3.06E-06,-3.17E-06,-1.34E-06,-2.02E-06,-2.27E-06,-1.95E-06,-2.80E-06,-2.52E-06,-2.37E-06,-3.40E-06,-3.43E-06,-3.04E-06,-3.16E-06,-3.67E-06,-3.66E-06,-2.84E-06,-4.68E-06,-3.79E-06,-3.51E-06,-2.67E-06,-3.62E-06,-4.22E-06,-7.13E-06,-4.47E-06,-8.05E-06,-4.89E-06,-7.98E-06,-4.53E-06,-6.43E-06
0.000188708,0.000189797,0.000191224,0.000192097,0.000191681,0.000190708,0.000190985,0.000190278,0.000189826,0.000191132,0.000193449,0.000199018,0.000201161,0.000200207,0.000196633,0.000192165,0.000188397,0.00018481,0.000182051,0.000178282,0.000175519,0.000172014,0.000166698,0.000162847,0.000159389,0.000156267,0.000152221,0.000148298,0.00014574,0.000141591,0.000138351,0.000134968,0.000131555,0.000130021,0.000124261,0.000113419,0.000103938,0.000100392,9.93E-05,9.51E-05,9.03E-05,8.81E-05,8.43E-05,8.34E-05,8.04E-05,7.76E-05,7.55E-05,7.33E-05,7.23E-05,7.10E-05,7.08E-05,6.83E-05,6.75E-05,6.58E-05,6.38E-05,6.14E-05,5.84E-05,5.66E-05,5.45E-05,5.21E-05,5.00E-05,4.81E-05,4.76E-05,4.56E-05,4.36E-05,4.35E-05,4.77E-05,5.47E-05,4.77E-05,4.33E-05,3.46E-05,3.05E-05,2.91E-05,2.59E-05,2.38E-05,2.12E-05,2.11E-05,1.95E-05,1.84E-05,1.80E-05,1.84E-05,1.85E-05,1.87E-05,1.94E-05,1.99E-05,2.09E-05,2.13E-05,1.97E-05,1.98E-05,2.00E-05,1.96E-05,2.83E-05,4.26E-05,3.32E-05,2.66E-05,2.27E-05,1.63E-05,1.11E-05,9.32E-06,6.30E-06,6.46E-06,5.74E-06,4.43E-06,3.46E-06,3.54E-06,2.90E-06,2.28E-06,2.00E-06,1.97E-06,1.58E-06,1.65E-06,2.36E-06,1.65E-06,1.59E-06,2.46E-06,1.54E-06,9.84E-07,-1.16E-07,8.32E-07,2.71E-07,5.07E-07,5.61E-07,3.84E-07,5.18E-07,-1.26E-07,-6.52E-07,8.32E-08,-3.68E-07,-4.50E-07,-5.56E-07,-1.31E-06,-9.15E-07,-7.10E-07,-1.33E-06,-7.00E-07,-1.34E-06,-8.02E-07,-1.32E-06,-1.48E-06,-4.46E-07,-1.94E-06,-1.03E-06,-9.84E-07,-1.33E-06,-1.14E-06,-1.34E-06,-1.77E-06,-1.33E-06,-1.19E-06,-9.84E-07,-8.62E-07,-1.27E-06,-8.94E-07,-1.41E-06,-2.25E-06,-2.74E-06,-1.31E-06,-3.45E-06,-2.13E-06,-2.69E-06,-2.47E-06,-2.19E-06,-2.38E-06,-2.98E-06,-2.67E-06,-3.37E-06,-1.59E-06,-2.18E-06,-3.04E-06,-2.67E-06,-3.21E-06,-2.52E-06,-3.09E-06,-2.92E-06,-2.15E-06,-2.77E-06,-2.91E-06,-2.21E-06,-3.11E-06,-3.36E-06,-1.57E-06,-2.31E-06,-2.41E-06,-2.25E-06,-3.14E-06,-2.76E-06,-2.56E-06,-3.66E-06,-3.60E-06,-3.12E-06,-3.38E-06,-3.96E-06,-3.92E-06,-2.95E-06,-4.93E-06,-3.83E-06,-3.81E-06,-3.02E-06,-3.81E-06,-5.06E-06,-7.79E-06,-4.26E-06,-8.83E-06,-7.15E-06,-8.50E-06,-4.40E-06,-6.57E-06
0.000183789,0.000184436,0.000185433,0.000186009,0.000185303,0.000184182,0.000184236,0.000183338,0.000182771,0.000184073,0.000186609,0.00019309,0.000196541,0.000196633,0.000194015,0.000190073,0.000186773,0.000183535,0.000180974,0.000177386,0.00017476,0.000171565,0.000166458,0.000162687,0.000159334,0.00015626,0.000152365,0.000148557,0.000145969,0.000141787,0.000138482,0.000135082,0.000131817,0.000130617,0.000125236,0.000114392,0.000104621,0.000100733,9.93E-05,9.48E-05,9.01E-05,8.79E-05,8.41E-05,8.33E-05,8.03E-05,7.75E-05,7.54E-05,7.31E-05,7.22E-05,7.09E-05,7.06E-05,6.83E-05,6.74E-05,6.57E-05,6.38E-05,6.14E-05,5.85E-05,5.67E-05,5.46E-05,5.22E-05,5.01E-05,4.81E-05,4.75E-05,4.54E-05,4.35E-05,4.35E-05,4.69E-05,5.26E-05,4.78E-05,4.25E-05,3.41E-05,3.03E-05,2.90E-05,2.60E-05,2.40E-05,2.15E-05,2.12E-05,1.97E-05,1.86E-05,1.83E-05,1.86E-05,1.87E-05,1.90E-05,1.98E-05,2.02E-05,2.12E-05,2.15E-05,2.00E-05,1.99E-05,1.99E-05,1.94E-05,2.77E-05,4.24E-05,3.16E-05,2.48E-05,2.17E-05,1.53E-05,1.08E-05,9.20E-06,6.29E-06,6.35E-06,5.61E-06,4.43E-06,3.50E-06,3.55E-06,2.96E-06,2.51E-06,2.16E-06,2.13E-06,1.80E-06,1.77E-06,2.49E-06,1.79E-06,1.67E-06,2.50E-06,1.54E-06,8.56E-07,-3.47E-07,7.66E-07,2.03E-07,4.96E-07,5.38E-07,3.53E-07,4.92E-07,-1.50E-07,-6.77E-07,2.77E-08,-4.15E-07,-4.67E-07,-6.35E-07,-1.34E-06,-1.03E-06,-7.96E-07,-1.42E-06,-8.61E-07,-1.49E-06,-9.63E-07,-1.49E-06,-1.61E-06,-6.09E-07,-2.12E-06,-1.23E-06,-1.25E-06,-1.56E-06,-1.33E-06,-1.59E-06,-1.95E-06,-1.50E-06,-1.51E-06,-1.24E-06,-1.18E-06,-1.64E-06,-1.18E-06,-1.73E-06,-2.76E-06,-3.23E-06,-1.66E-06,-3.54E-06,-2.50E-06,-3.03E-06,-2.68E-06,-2.40E-06,-2.67E-06,-3.22E-06,-3.03E-06,-3.63E-06,-1.85E-06,-2.54E-06,-3.42E-06,-3.00E-06,-3.47E-06,-2.90E-06,-3.48E-06,-3.25E-06,-2.53E-06,-3.05E-06,-3.24E-06,-2.54E-06,-3.34E-06,-3.64E-06,-1.92E-06,-2.72E-06,-2.72E-06,-2.66E-06,-3.58E-06,-3.18E-06,-2.92E-06,-3.94E-06,-3.96E-06,-3.42E-06,-3.60E-06,-4.34E-06,-4.20E-06,-3.22E-06,-5.20E-06,-4.21E-06,-4.16E-06,-3.48E-06,-4.31E-06,-5.65E-06,-7.93E-06,-4.61E-06,-9.17E-06,-6.76E-06,-9.59E-06,-4.93E-06,-7.90E-06
0.000177851,0.000178244,0.000179106,0.000179542,0.000178761,0.000177709,0.00017768,0.000176822,0.000176288,0.000177631,0.000180376,0.000187258,0.000191421,0.000192165,0.000190073,0.000186625,0.000183651,0.00018068,0.000178335,0.000174947,0.000172465,0.000169483,0.000164589,0.00016096,0.000157764,0.000154761,0.00015103,0.000147369,0.000144836,0.000140669,0.000137438,0.000134077,0.00013094,0.000129917,0.000124854,0.000114178,0.000104451,0.000100476,9.89E-05,9.44E-05,8.98E-05,8.76E-05,8.39E-05,8.31E-05,8.01E-05,7.73E-05,7.52E-05,7.30E-05,7.21E-05,7.07E-05,7.03E-05,6.80E-05,6.71E-05,6.55E-05,6.37E-05,6.13E-05,5.84E-05,5.65E-05,5.44E-05,5.21E-05,4.99E-05,4.78E-05,4.70E-05,4.48E-05,4.28E-05,4.28E-05,4.52E-05,5.04E-05,4.47E-05,4.05E-05,3.27E-05,2.96E-05,2.84E-05,2.56E-05,2.36E-05,2.12E-05,2.08E-05,1.94E-05,1.84E-05,1.80E-05,1.83E-05,1.83E-05,1.87E-05,1.94E-05,1.98E-05,2.08E-05,2.11E-05,1.95E-05,1.93E-05,1.89E-05,1.80E-05,2.44E-05,3.81E-05,2.78E-05,2.23E-05,1.91E-05,1.33E-05,9.72E-06,8.41E-06,5.59E-06,5.60E-06,4.92E-06,3.80E-06,2.92E-06,2.95E-06,2.49E-06,2.13E-06,1.79E-06,1.78E-06,1.46E-06,1.38E-06,2.09E-06,1.44E-06,1.27E-06,2.04E-06,9.98E-07,2.19E-07,-9.54E-07,3.89E-07,-4.38E-08,2.53E-07,3.97E-07,2.35E-07,3.77E-07,-2.45E-07,-7.57E-07,-6.88E-08,-5.31E-07,-5.32E-07,-7.42E-07,-1.44E-06,-1.12E-06,-8.96E-07,-1.53E-06,-9.83E-07,-1.60E-06,-1.08E-06,-1.62E-06,-1.74E-06,-7.21E-07,-2.22E-06,-1.35E-06,-1.42E-06,-1.65E-06,-1.43E-06,-1.71E-06,-2.06E-06,-1.61E-06,-1.69E-06,-1.41E-06,-1.42E-06,-1.87E-06,-1.40E-06,-2.06E-06,-3.25E-06,-3.19E-06,-1.70E-06,-3.45E-06,-2.49E-06,-3.00E-06,-2.60E-06,-2.37E-06,-2.56E-06,-3.13E-06,-3.01E-06,-3.57E-06,-1.84E-06,-2.52E-06,-3.40E-06,-2.97E-06,-3.40E-06,-2.95E-06,-3.51E-06,-3.33E-06,-2.55E-06,-3.02E-06,-3.28E-06,-2.51E-06,-3.35E-06,-3.61E-06,-1.96E-06,-2.75E-06,-2.73E-06,-2.70E-06,-3.65E-06,-3.21E-06,-2.94E-06,-3.96E-06,-3.93E-06,-3.45E-06,-3.65E-06,-4.46E-06,-4.23E-06,-3.30E-06,-5.30E-06,-4.39E-06,-4.29E-06,-3.78E-06,-4.47E-06,-6.35E-06,-8.39E-06,-4.81E-06,-9.49E-06,-8.21E-06,-8.89E-06,-5.32E-06,-8.23E-06
0.000173555,0.00017377,0.000174513,0.000174908,0.000174073,0.000173102,0.000172975,0.000172156,0.000171554,0.000172911,0.000175668,0.00018269,0.000187247,0.000188397,0.000186773,0.000183651,0.000181035,0.000178302,0.000176116,0.000172887,0.000170519,0.000167745,0.00016306,0.000159545,0.000156487,0.000153577,0.000150009,0.000146438,0.000143961,0.000139838,0.000136627,0.000133343,0.000130276,0.00012938,0.00012459,0.000114158,0.000104516,0.000100422,9.86E-05,9.39E-05,8.92E-05,8.70E-05,8.32E-05,8.24E-05,7.94E-05,7.66E-05,7.45E-05,7.23E-05,7.14E-05,7.00E-05,6.95E-05,6.72E-05,6.64E-05,6.47E-05,6.30E-05,6.06E-05,5.77E-05,5.59E-05,5.38E-05,5.15E-05,4.92E-05,4.71E-05,4.62E-05,4.39E-05,4.20E-05,4.20E-05,4.36E-05,4.81E-05,4.32E-05,3.87E-05,3.16E-05,2.88E-05,2.77E-05,2.51E-05,2.31E-05,2.08E-05,2.03E-05,1.90E-05,1.80E-05,1.75E-05,1.78E-05,1.79E-05,1.83E-05,1.90E-05,1.93E-05,2.04E-05,2.07E-05,1.91E-05,1.88E-05,1.83E-05,1.72E-05,2.29E-05,3.63E-05,2.68E-05,2.12E-05,1.79E-05,1.23E-05,9.30E-06,8.12E-06,5.38E-06,5.36E-06,4.71E-06,3.63E-06,2.79E-06,2.80E-06,2.39E-06,2.11E-06,1.79E-06,1.74E-06,1.46E-06,1.32E-06,2.05E-06,1.42E-06,1.22E-06,1.97E-06,9.55E-07,1.60E-07,-8.91E-07,5.60E-07,1.26E-07,4.19E-07,5.28E-07,3.96E-07,5.06E-07,-9.76E-08,-6.21E-07,5.79E-08,-4.26E-07,-4.10E-07,-6.40E-07,-1.34E-06,-1.07E-06,-8.40E-07,-1.48E-06,-9.75E-07,-1.59E-06,-1.09E-06,-1.63E-06,-1.71E-06,-7.21E-07,-2.22E-06,-1.36E-06,-1.51E-06,-1.68E-06,-1.46E-06,-1.79E-06,-2.08E-06,-1.60E-06,-1.77E-06,-1.48E-06,-1.53E-06,-2.03E-06,-1.52E-06,-2.20E-06,-3.50E-06,-3.39E-06,-1.99E-06,-3.50E-06,-2.66E-06,-3.15E-06,-2.70E-06,-2.50E-06,-2.69E-06,-3.24E-06,-3.13E-06,-3.65E-06,-1.97E-06,-2.71E-06,-3.62E-06,-3.14E-06,-3.51E-06,-3.15E-06,-3.69E-06,-3.50E-06,-2.73E-06,-3.13E-06,-3.51E-06,-2.65E-06,-3.49E-06,-3.74E-06,-2.17E-06,-2.93E-06,-2.86E-06,-2.89E-06,-3.86E-06,-3.45E-06,-3.13E-06,-4.10E-06,-4.04E-06,-3.57E-06,-3.74E-06,-4.65E-06,-4.29E-06,-3.41E-06,-5.36E-06,-4.56E-06,-4.35E-06,-3.97E-06,-4.48E-06,-6.42E-06,-7.91E-06,-5.02E-06,-9.06E-06,-9.24E-06,-9.84E-06,-5.25E-06,-9.34E-06
0.000169116,0.000169263,0.000170002,0.000170409,0.000169633,0.000168706,0.000168645,0.000167903,0.000167326,0.000168768,0.000171541,0.000178641,0.000183412,0.00018481,0.000183535,0.00018068,0.000178302,0.00017586,0.000173833,0.000170803,0.000168662,0.000166076,0.000161486,0.000158103,0.000155202,0.000152416,0.000148968,0.000145547,0.000143215,0.000139133,0.000135942,0.000132705,0.000129742,0.000128932,0.000124448,0.000114348,0.000104894,0.000101062,9.95E-05,9.48E-05,9.00E-05,8.77E-05,8.40E-05,8.32E-05,8.02E-05,7.74E-05,7.53E-05,7.32E-05,7.22E-05,7.09E-05,7.06E-05,6.85E-05,6.75E-05,6.57E-05,6.39E-05,6.14E-05,5.85E-05,5.67E-05,5.46E-05,5.23E-05,5.00E-05,4.81E-05,4.73E-05,4.52E-05,4.33E-05,4.33E-05,4.57E-05,5.19E-05,4.66E-05,4.09E-05,3.32E-05,2.99E-05,2.86E-05,2.58E-05,2.37E-05,2.14E-05,2.09E-05,1.96E-05,1.86E-05,1.81E-05,1.85E-05,1.85E-05,1.89E-05,1.97E-05,2.00E-05,2.11E-05,2.14E-05,1.99E-05,1.97E-05,1.93E-05,1.87E-05,2.61E-05,4.04E-05,2.96E-05,2.41E-05,1.99E-05,1.37E-05,1.03E-05,8.78E-06,6.05E-06,5.99E-06,5.26E-06,4.22E-06,3.34E-06,3.28E-06,2.90E-06,2.68E-06,2.36E-06,2.30E-06,2.05E-06,1.89E-06,2.64E-06,2.00E-06,1.80E-06,2.52E-06,1.54E-06,7.82E-07,-7.46E-07,7.86E-07,3.33E-07,6.97E-07,8.30E-07,6.82E-07,8.05E-07,2.40E-07,-2.64E-07,4.24E-07,-8.04E-08,-3.03E-08,-2.63E-07,-9.41E-07,-6.98E-07,-4.60E-07,-1.06E-06,-5.88E-07,-1.19E-06,-7.28E-07,-1.24E-06,-1.32E-06,-3.35E-07,-1.80E-06,-9.78E-07,-1.17E-06,-1.29E-06,-1.08E-06,-1.42E-06,-1.69E-06,-1.22E-06,-1.44E-06,-1.14E-06,-1.23E-06,-1.74E-06,-1.24E-06,-1.86E-06,-3.22E-06,-3.32E-06,-1.95E-06,-3.31E-06,-2.54E-06,-3.02E-06,-2.53E-06,-2.35E-06,-2.52E-06,-3.04E-06,-3.01E-06,-3.45E-06,-1.82E-06,-2.60E-06,-3.49E-06,-2.99E-06,-3.31E-06,-3.03E-06,-3.56E-06,-3.35E-06,-2.64E-06,-2.93E-06,-3.29E-06,-2.51E-06,-3.33E-06,-3.52E-06,-2.02E-06,-2.81E-06,-2.69E-06,-2.73E-06,-3.73E-06,-3.37E-06,-3.03E-06,-3.96E-06,-3.86E-06,-3.43E-06,-3.63E-06,-4.57E-06,-4.21E-06,-3.32E-06,-5.23E-06,-4.57E-06,-4.34E-06,-4.08E-06,-4.69E-06,-6.77E-06,-7.90E-06,-5.30E-06,-8.95E-06,-9.01E-06,-1.09E-05,-5.74E-06,-9.28E-06
0.000165167,0.000165386,0.000166173,0.000166703,0.000165997,0.000165247,0.00016527,0.000164674,0.000164198,0.000165752,0.000168575,0.000175668,0.000180539,0.000182051,0.000180974,0.000178335,0.000176116,0.000173833,0.000171994,0.00016907,0.000167063,0.000164617,0.000160127,0.000156861,0.000154069,0.000151372,0.000148024,0.000144715,0.000142472,0.000138443,0.000135303,0.00013213,0.000129242,0.000128439,0.000124146,0.000114288,0.000105026,0.000101437,0.000100102,9.54E-05,9.05E-05,8.82E-05,8.45E-05,8.37E-05,8.08E-05,7.79E-05,7.59E-05,7.38E-05,7.28E-05,7.16E-05,7.14E-05,6.93E-05,6.83E-05,6.63E-05,6.45E-05,6.19E-05,5.90E-05,5.71E-05,5.50E-05,5.27E-05,5.04E-05,4.86E-05,4.81E-05,4.60E-05,4.40E-05,4.40E-05,4.68E-05,5.27E-05,4.71E-05,4.17E-05,3.39E-05,3.04E-05,2.91E-05,2.60E-05,2.39E-05,2.15E-05,2.10E-05,1.97E-05,1.87E-05,1.82E-05,1.85E-05,1.85E-05,1.90E-05,1.98E-05,2.01E-05,2.12E-05,2.15E-05,2.00E-05,1.99E-05,1.97E-05,1.92E-05,2.77E-05,4.20E-05,2.97E-05,2.42E-05,2.16E-05,1.41E-05,1.05E-05,8.94E-06,6.17E-06,6.11E-06,5.33E-06,4.28E-06,3.36E-06,3.25E-06,2.84E-06,2.62E-06,2.27E-06,2.20E-06,1.94E-06,1.73E-06,2.51E-06,1.89E-06,1.71E-06,2.42E-06,1.53E-06,8.25E-07,-8.34E-07,7.22E-07,2.18E-07,5.57E-07,6.89E-07,5.37E-07,6.25E-07,8.54E-08,-4.38E-07,2.49E-07,-2.79E-07,-2.24E-07,-4.59E-07,-1.13E-06,-8.89E-07,-6.35E-07,-1.24E-06,-7.67E-07,-1.37E-06,-9.31E-07,-1.42E-06,-1.51E-06,-5.17E-07,-1.96E-06,-1.14E-06,-1.36E-06,-1.45E-06,-1.23E-06,-1.59E-06,-1.84E-06,-1.36E-06,-1.57E-06,-1.28E-06,-1.38E-06,-1.88E-06,-1.38E-06,-1.95E-06,-3.32E-06,-3.41E-06,-2.03E-06,-3.40E-06,-2.58E-06,-3.07E-06,-2.57E-06,-2.39E-06,-2.51E-06,-3.05E-06,-3.03E-06,-3.43E-06,-1.85E-06,-2.64E-06,-3.47E-06,-3.01E-06,-3.29E-06,-3.05E-06,-3.57E-06,-3.36E-06,-2.65E-06,-2.91E-06,-3.32E-06,-2.48E-06,-3.33E-06,-3.49E-06,-2.03E-06,-2.82E-06,-2.71E-06,-2.76E-06,-3.73E-06,-3.38E-06,-3.05E-06,-3.94E-06,-3.86E-06,-3.48E-06,-3.63E-06,-4.59E-06,-4.16E-06,-3.31E-06,-5.20E-06,-4.62E-06,-4.30E-06,-4.10E-06,-4.64E-06,-6.90E-06,-7.84E-06,-5.33E-06,-8.91E-06,-9.42E-06,-1.07E-05,-5.78E-06,-9.69E-06
